variable	mean	median	sd	mad	q5	q95	rhat	ess_bulk	ess_tail	mut	q2.5	q97.5
growth_gain[49]	1.1268672725	1.12864	0.027508567708951	0.027598599	1.0791665	1.169071	1.00161200749216	1586.19258108955	3230.44709056329	L452R:F486V	1.06991975	1.17610175
growth_gain[48]	1.12417513875	1.12403	0.014689383995969	0.014692566	1.10026	1.1485425	1.00740430301773	745.419780826905	2274.75556846358	L452Q	1.0960485	1.15278025
growth_gain[58]	1.107860261	1.10788	0.017927164995489	0.01660512	1.079378	1.136511	1.00340164038523	1262.37802582979	3413.29751965931	N450D	1.072359	1.143031
growth_gain[59]	1.0891364925	1.08855	0.017893475189416	0.016916466	1.06125	1.11945	1.00231246827459	2227.29798242018	4371.09000027257	N460K	1.05505	1.1264345
growth_gain[39]	1.071852806875	1.07192	0.015548072813233	0.014055048	1.047365	1.0961	1.0028125782623	1670.84522763663	3991.64088549984	K444M	1.04104875	1.10201625
growth_gain[46]	1.0679590455	1.067865	0.017695621325612	0.017531745	1.0389565	1.09668	1.00187522718708	3236.02428757365	4999.35544271027	L368I	1.03324975	1.10280075
growth_gain[47]	1.0679266025	1.06758	0.009902174183667	0.0096369	1.05211	1.08493	1.00470180213011	903.246130454941	2582.49714153608	L452M	1.04923975	1.0878105
growth_gain[75]	1.066493225	1.06637	0.006554603844117	0.006582744	1.05593	1.0775005	1.0090801482473	525.085946110267	1425.48519089553	R346T	1.05411	1.0798205
growth_gain[104]	1.066247735375	1.06646	0.014427002162985	0.012913446	1.043279	1.0892	1.00215270663093	1655.27731860724	3929.60629338677	W64R	1.0363895	1.0940305
growth_gain[38]	1.06360938	1.06352	0.00852012483955	0.008406342	1.0497795	1.0779105	1.00554334104098	773.324565362517	2712.00642414014	K417T	1.04759975	1.08082025
growth_gain[99]	1.06295392625	1.06299	0.014684090536612	0.013447182	1.0392375	1.0866115	1.00144037160357	2227.92332884927	4357.06785535926	V445A	1.0327885	1.09202
growth_gain[74]	1.062024345	1.061845	0.010979321852215	0.010682133	1.04428	1.0805005	1.00228942738594	1292.57206400959	3676.32964352597	R346S	1.04079925	1.0842905
growth_gain[107]	1.058374833625	1.05839	0.013922248713897	0.012587274	1.036069	1.0802135	1.0015779522024	1781.07067690996	3701.75219597782	Y248S	1.0304295	1.08532075
growth_gain[72]	1.057459193625	1.05758	0.01382846354481	0.012424188	1.03493	1.0792425	1.0013998856066	2031.41155649557	4081.40085244859	R346I	1.02956925	1.0843725
growth_gain[24]	1.05668400675	1.05464	0.041525025796083	0.041920515	0.99378065	1.1281825	1.00178610508235	2010.57999837137	3117.8563168833	G339H:I210V:K147E:W152R:G257S	0.983605025	1.14387525
growth_gain[37]	1.048228169625	1.048055	0.017564654310162	0.016538403	1.0194495	1.077471	1.00131338751073	3732.05683400358	5156.71161912174	K356T	1.01344925	1.08327025
growth_gain[42]	1.04820230125	1.048345	0.013905789404871	0.012557622	1.0259395	1.069761	1.00087976010875	2508.81894045174	5065.02429460878	K444T	1.02000375	1.07493125
growth_gain[21]	1.0471828805	1.047105	0.020295572487615	0.01964445	1.0145595	1.08029	1.0021459188994	3424.54264401031	4688.84958407237	F643L	1.00792875	1.0883715
growth_gain[36]	1.046161904625	1.046305	0.01400262035929	0.012505731	1.023489	1.06742	1.00076322473215	2366.54229784	4003.01525250639	K356R	1.0179295	1.072331
growth_gain[34]	1.04546166125	1.04528	0.009272301780048	0.00911799	1.030859	1.0610305	1.00169452629625	1619.67975657458	4072.10027466344	I68T	1.02800775	1.06464025
growth_gain[45]	1.039004295	1.03867	0.008732850398781	0.008406342	1.0253395	1.0536405	1.00148370746143	1620.38211063069	4336.39741115596	L212S	1.02262925	1.05703
growth_gain[69]	1.03785686775	1.037475	0.01670207524471	0.01645686	1.0110695	1.0653825	1.00205744544199	3458.88462366946	4703.13502766827	Q628K	1.0061295	1.07124025
growth_gain[106]	1.034168331375	1.03412	0.008302786941726	0.008206191	1.0205695	1.0478	1.00072803642656	1944.27222418356	4000.7828275086	Y248H	1.01755925	1.05035025
growth_gain[73]	1.033062716	1.03306	0.011039724315012	0.011089848	1.015249	1.0508915	1.00086410220038	3110.37182629677	4849.71638910851	R346K	1.01094975	1.05456025
growth_gain[29]	1.033006015125	1.032895	0.013881942887712	0.012965337	1.010569	1.054941	1.00048071771203	4404.50234678082	4991.49251194482	H146del	1.005139	1.06055
growth_gain[40]	1.029693715125	1.02973	0.012958806807899	0.011690301	1.008748	1.050511	1.00042595070601	5167.88210382549	4884.08212788692	K444N	1.0033795	1.0548905
growth_gain[57]	1.029415714375	1.029685	0.011236089862992	0.011186217	1.0104785	1.0471605	1.00137875232358	4230.96320695196	4690.21639716287	N211del:L212I	1.00623875	1.05043075
growth_gain[41]	1.028676335375	1.02915	0.016199199580011	0.016189992	1.0013385	1.0542505	1.00042234553662	4018.20626785126	5901.53320692886	K444R	0.99585575	1.05907125
growth_gain[4]	1.026768233875	1.02569	0.013415239480213	0.012409362	1.0068095	1.0505945	1.00038009509011	3790.92109625349	4478.81573530969	A262S	1.0038695	1.05739175
growth_gain[94]	1.024217759125	1.024155	0.009883386461348	0.009703617	1.007689	1.040522	1.00037652271379	3036.36587108771	4820.08836530024	V1264L	1.004499	1.0436405
growth_gain[105]	1.020030068875	1.01984	0.006328066332484	0.006323289	1.00983	1.03086	1.00080754466004	5206.17095269173	5559.61512751261	Y144del	1.00788975	1.032761
growth_gain[103]	1.01848550125	1.01826	0.013091469381722	0.011816322	0.99795415	1.039661	1.00017045909096	8152.94651379537	4443.81535174876	W152L	0.992664775	1.044962
growth_gain[17]	1.01662385	1.0165	0.008404516140605	0.008139474	1.00298	1.0308	1.00060135276335	3121.36968419858	4913.86791875744	F157L	1.00032975	1.03396125
growth_gain[6]	1.016028410375	1.01609	0.012872150253327	0.013521312	0.995116	1.037001	1.00109756296999	4676.5246656037	5844.27656741374	A688V	0.991450475	1.040851
growth_gain[1]	1.01394157325	1.01388	0.005794846195473	0.005804379	1.0045895	1.02349	0.999873336526781	3275.38658593889	5585.64020275822	A1020S	1.00254975	1.02534025
growth_gain[30]	1.01330618125	1.01312	0.011005487569412	0.010667307	0.9956328	1.0318705	1.00110649024725	4240.2903627073	5357.04130427441	H146Y	0.99222385	1.03549
growth_gain[96]	1.0129001805	1.01264	0.01497819637211	0.014351568	0.98911015	1.037651	1.00223691017999	4992.74106949522	5182.34078297274	V213T:ins213VGGG	0.983811575	1.04335225
growth_gain[23]	1.01204685725	1.01187	0.012271028290858	0.011060196	0.9928885	1.0316115	1.00346653608592	5875.57213192917	4071.25934722374	G181V	0.988388725	1.03701
growth_gain[66]	1.01193415075	1.01173	0.011958275545361	0.01074885	0.993272	1.0312605	1.0020344279238	6561.07682566021	4480.22563100156	P1263Q	0.9891752	1.0361215
growth_gain[51]	1.011906289875	1.01166	0.009508497056995	0.009384858	0.9968674	1.02809	1.00109905626914	2689.3267005047	4882.80400274318	L858I	0.9942063	1.0310415
growth_gain[64]	1.011782326375	1.01163	0.008513392877675	0.008317386	0.99808395	1.0258605	1.00159615601416	3250.38595763211	4996.25442920495	P1162S	0.99546385	1.02854075
growth_gain[14]	1.010930849125	1.0106	0.011802180232128	0.010837806	0.9929674	1.03008	1.00014738701929	3446.47793949696	4565.3034195403	D1153Y	0.98837175	1.03550075
growth_gain[100]	1.01066771625	1.01043	0.012276215963675	0.011208456	0.99171795	1.0300515	1.00207604403976	6047.15509651659	4721.17323216857	V6F	0.987616975	1.0345205
growth_gain[84]	1.010586158125	1.01025	0.010282849754336	0.010118745	0.99398025	1.02777	1.00200164236385	2828.02578735114	4625.83222516435	T1231S	0.991204525	1.03125
growth_gain[67]	1.010573883625	1.010605	0.012436150156144	0.011378955	0.99112275	1.030751	1.0004596148575	3815.61415848242	4202.04443948199	P1263S	0.98676535	1.03537025
growth_gain[95]	1.010331533125	1.010035	0.012621302777472	0.011586519	0.9906797	1.0307205	1.00028998231191	3719.37150031631	5007.6782617895	V213E	0.986214025	1.03563325
growth_gain[56]	1.009187938875	1.00905	0.012953711251743	0.012038712	0.98910395	1.03009	1.00074284733029	6529.71194738046	4618.19503531137	N164K	0.984296825	1.03471175
growth_gain[43]	1.008230903375	1.00824	0.008161045992687	0.008109822	0.99508275	1.0216015	1.00165905631848	2719.40326032652	5591.21404576063	L176F	0.992347025	1.0245905
growth_gain[81]	1.008218983875	1.007885	0.008144171085319	0.008050518	0.995407	1.0220505	1.00074695287357	2825.37377543652	4992.89510320851	S704L	0.993184975	1.02514025
growth_gain[12]	1.007673452875	1.007495	0.012372101115404	0.011260347	0.98793995	1.0279705	1.00040316062376	3704.67171774279	4560.21674713864	C1243F	0.983473275	1.032402
growth_gain[88]	1.006965621125	1.006765	0.012536777278168	0.0111017088	0.98756495	1.026841	1.00034821831046	3311.00527350243	3813.5276223627	T632N	0.983026975	1.032741
growth_gain[86]	1.0065300205	1.00635	0.007791180000299	0.007761411	0.9942164	1.01954	1.00036626846518	5615.05286388652	6502.53646080755	T547I	0.991810575	1.02254025
growth_gain[89]	1.00576955625	1.00575	0.011714371146726	0.0115842951	0.98676255	1.024951	1.00052236750133	4481.80383136338	4972.90545660952	T678I	0.982623975	1.0288005
growth_gain[91]	1.005650875625	1.00585	0.009970083146978	0.0095271876	0.9888842	1.0217015	1.0009577404785	4958.58894974515	5585.37380520649	T941S	0.985604675	1.024881
growth_gain[20]	1.0049323545	1.004385	0.021192496480015	0.0197801079	0.9705475	1.04126	1.00132819986728	3529.87991226638	4277.79012745613	F490S	0.9628205	1.04846125
growth_gain[80]	1.003887802375	1.00392	0.002832874791227	0.002831766	0.999276	1.0086305	1.00141199485617	2576.91485071938	4838.54037263518	S371F	0.99831865	1.00950025
growth_gain[3]	1.00385967075	1.00273	0.012436358368199	0.01126776	0.98558055	1.02516	0.999930641069058	4977.83331499631	5236.10218214001	A222V	0.9818777	1.03157175
growth_gain[77]	1.003650499375	1.00298	0.011526643767683	0.011163978	0.98579605	1.0234005	1.00067203350169	4798.75519398946	4257.15024491485	S1252F	0.982090575	1.02781025
growth_gain[19]	1.003465057	1.003295	0.016069070104708	0.0152522475	0.9773972	1.0299715	1.00070281610135	4251.69719757566	4695.2368580397	F486S	0.97213285	1.036281
growth_gain[11]	1.002966183625	1.003305	0.011748727020426	0.011023131	0.9826348	1.021482	1.0009291720019	3943.44009269462	4280.15326836692	A942S	0.9779528	1.02491075
growth_gain[5]	1.002889819125	1.00268	0.008327406483053	0.0081698673	0.989787	1.01679	1.00120044433717	2291.75916142399	5004.66332320951	A522P	0.987017825	1.01955075
growth_gain[18]	1.002538082	1.00244	0.007852023193439	0.0075012147	0.98964695	1.015461	1.00108041459136	2826.36072836035	4952.5023129712	F186S	0.9874165	1.01847
growth_gain[15]	1.002530208625	1.00222	0.017608656236746	0.016619946	0.9741583	1.0316515	1.0007240779694	4521.53115667829	4912.08064016006	D1199N	0.96775875	1.03762125
growth_gain[78]	1.00229047775	1.00239	0.015934295261164	0.0163182369	0.9756579	1.0279505	1.00066227162543	3318.68488114335	4515.56430990784	S254F	0.9709472	1.03230025
growth_gain[25]	1.00132132425	1.001225	0.033453434190652	0.031386642	0.94625305	1.056802	1.00248168456473	2289.33396998009	3449.79692322047	G446S	0.93370735	1.06779225
growth_gain[101]	1.000814669625	1.00081	0.00338068500272	0.00333585	0.99523385	1.0065	1.00056133509309	3270.58013049254	5109.51263198388	V70del:H69del	0.994332725	1.00752
growth_gain[55]	0.999247204125	0.9988565	0.010066203281589	0.0098051751	0.9832006	1.0164305	1.00072765120857	3938.09552807383	5245.21722887435	M153I	0.98007945	1.02016175
growth_gain[79]	0.998670757875	0.998834	0.006932884705268	0.0067324866	0.9870397	1.0100405	1.00056758904129	2581.48582215551	4519.32899739269	S255F	0.984617875	1.01215
growth_gain[50]	0.998073015875	0.9981855	0.004620329868244	0.0044989497	0.9903889	1.0056305	1.00211152890512	3134.63094752568	4991.39743352134	L5F	0.9887827	1.00717025
growth_gain[52]	0.9975060565	0.997558	0.012161619204027	0.0110186832	0.9781672	1.0168605	1.00071844925373	3340.01106064308	4662.66940903334	L922F	0.973530825	1.02128025
growth_gain[70]	0.9972618825	0.9973145	0.008322924577283	0.0080712744	0.9834577	1.01086	1.00059316066495	3190.59018351647	4942.91145050593	Q677H	0.9810013	1.01383
growth_gain[76]	0.99642234775	0.996431	0.002626212806978	0.0025915848	0.9920764	1.00082	1.00026045916674	3431.49658417193	4943.24747110904	R408S	0.991220875	1.00164
growth_gain[97]	0.995563567875	0.9957645	0.008320197907865	0.0079556316	0.9817514	1.00905	1.00187061852551	4832.37000027817	4887.92713653656	V289I	0.97875455	1.01194025
growth_gain[7]	0.995097693625	0.994785	0.012795639775356	0.012713295	0.9746113	1.0167405	1.00126728223635	2668.77680218261	3598.43243423437	A701V	0.971177025	1.02066075
growth_gain[87]	0.99362815625	0.993579	0.012027483271057	0.0109771704	0.97446415	1.013022	1.00135580438564	3237.82376575488	4583.70573269926	T573I	0.9696375	1.0181305
growth_gain[31]	0.99351657375	0.9937195	0.012070858205055	0.0113233575	0.97400355	1.0123815	1.00256078091902	3466.00430269955	4882.66128629023	H49Y	0.968787925	1.0171205
growth_gain[82]	0.99341073775	0.993562	0.010308298926948	0.0100779735	0.9761346	1.0098025	1.00102786133956	3694.51733250103	5034.01560138888	S939F	0.972650975	1.0128805
growth_gain[53]	0.9920595435	0.9919865	0.012893114681784	0.011282586	0.97155765	1.0123825	1.00126452879252	3072.9825070389	4758.82308514276	L938F	0.9661012	1.0177635
growth_gain[22]	0.9889301665	0.9890105	0.007600404339148	0.0072588096	0.9763088	1.0014	1.00164541118874	3074.71181886669	4845.7030907078	G181A	0.9740929	1.00399075
growth_gain[93]	0.98562342925	0.9858315	0.00735189544931	0.0073840893	0.97332505	0.997197	1.00147660204953	2897.58552198216	5033.71027999223	V1177I	0.970922925	0.999596975
growth_gain[90]	0.9824084415	0.9822315	0.008802777638342	0.0084374766	0.9681774	0.99666785	1.00150696777321	3894.09555323089	5068.58011981887	T76I	0.965163325	1.00023025
growth_gain[65]	0.980911677875	0.9811765	0.010209056698819	0.0099452808	0.963716	0.9971685	1.00162019930676	3020.15881160783	5174.6361185307	P1263L	0.96003155	1.00046175
growth_gain[9]	0.97801292625	0.977364	0.010716841852242	0.0102625572	0.96120075	0.99648045	1.0019467626083	2165.25323592418	3894.75824825732	A846G	0.9578517	1.000181
growth_gain[27]	0.975919616875	0.975861	0.010192476339638	0.0098896833	0.9595157	0.9929283	1.00195472351397	2550.45293238139	4556.3660649363	G798D	0.9561759	0.996322175
growth_gain[63]	0.975806873875	0.9755335	0.007595052503919	0.0075049212	0.96380225	0.9887041	1.00236479343501	1867.39772134446	4450.38355203067	P1162L	0.961648575	0.991448025
growth_gain[71]	0.970873841625	0.9706435	0.012967560459164	0.011163978	0.95112785	0.9915031	1.00181199733845	2409.13314023673	3400.95556363594	Q787H	0.946398525	0.9969068
growth_gain[102]	0.970293735125	0.9699335	0.013616083715167	0.0125843088	0.94906435	0.9928362	1.00093772304033	2250.15729767756	3681.9272016474	V952I	0.944664225	0.999007375
growth_gain[44]	0.969679367375	0.9694955	0.013746240295893	0.0124271532	0.9481538	0.9915451	1.00323356264772	2397.46692826683	4262.14384025501	L179P	0.943251375	0.99721065
growth_gain[28]	0.969607689875	0.9694585	0.013371648930034	0.0125242635	0.9479134	0.99197145	1.00134712337992	2655.1943412114	4607.32091052936	H1058Y	0.943783375	0.99708165
growth_gain[8]	0.969153171	0.968062	0.015732959149726	0.0147355614	0.94568895	0.9963022	1.0028060974526	3205.63973835223	4622.26673937747	A831V	0.940815125	1.003394
growth_gain[13]	0.965895936875	0.965821	0.010327509050543	0.0100379433	0.94944265	0.98328915	1.00221689961543	2283.68152701816	4019.96120466014	C1248Y	0.94608585	0.986872775
growth_gain[92]	0.965277922375	0.96487	0.013276388553038	0.0120616923	0.9447906	0.98731435	1.00159157229513	2588.44636106599	4215.03495040487	V1164I	0.940754	0.99336795
growth_gain[10]	0.96517563175	0.9648795	0.013327327672156	0.0122559129	0.94412725	0.9868461	1.00185717396132	2619.30256002837	4058.62634998977	A890V	0.939037875	0.992307975
growth_gain[85]	0.96502915725	0.9650335	0.009001430615347	0.0088088679	0.9502374	0.97972645	1.00199591476806	2860.61447907387	4553.9730593281	T259A	0.947447875	0.98286605
growth_gain[61]	0.96496937975	0.9655515	0.011811863821288	0.0110260962	0.944359	0.9829751	1.00281948843993	2312.38542784395	4349.04452046227	P1143L	0.93880185	0.985805225
growth_gain[33]	0.96437625575	0.964115	0.012931732212173	0.0116917836	0.9442994	0.98622145	1.00273875237484	2155.04336873386	4261.83152262875	I1221T	0.939792225	0.99236825
growth_gain[32]	0.964286517875	0.9645805	0.020066643532434	0.0198801834	0.9310781	0.9966611	1.00069602015156	5074.87009805636	4916.09700938467	I1081V	0.923409975	1.00202075
growth_gain[62]	0.963369831	0.9631615	0.012858937367935	0.0117184704	0.9430625	0.9844214	1.00138731418047	2742.56845289376	4832.18867198959	P1143S	0.9377579	0.989682025
growth_gain[2]	0.955888892875	0.9557495	0.013423585642232	0.0122885301	0.9346647	0.97791115	1.00381312050545	2314.92838330153	3698.74411344929	A1020V	0.929531575	0.983037125
growth_gain[60]	0.95400390975	0.9539665	0.005129466518699	0.0050571486	0.94553735	0.96246305	1.0073285917294	750.732596254477	1994.83545357032	N658S	0.943616975	0.9640262
growth_gain[83]	0.952019823	0.951708	0.013844544472955	0.0129104808	0.93017845	0.97438305	1.00329398182636	2258.7896474938	4491.82846522603	S940F	0.925639525	0.980160625
growth_gain[54]	0.949537583875	0.949405	0.012665671305528	0.0118140981	0.92990075	0.9697029	1.00291209014792	2075.72172592315	4683.51112923216	M1229I	0.92516135	0.9744994
growth_gain[98]	0.948050848875	0.9482865	0.00596648092175	0.0059066784	0.93803085	0.95775125	1.00694868778867	821.680130887708	2242.90311065648	V3G	0.936132975	0.959678125
growth_gain[35]	0.923968044125	0.9240725	0.009910903120655	0.0101498796	0.90730595	0.9399441	1.00571566799194	972.478152104216	3245.65017912783	ins214EPE	0.9044449	0.9428023
growth_gain[16]	0.923033785875	0.9242115	0.018479582619428	0.0170395218	0.8910347	0.95129905	1.00044336475011	2605.78997125321	4216.08242774275	D405B	0.881598725	0.9564139
growth_gain[68]	0.894551883625	0.896937	0.020932431580584	0.0210188202	0.85685495	0.9240711	1.0038436150716	2018.8944024442	3821.59629071168	Q493R	0.84841695	0.928420275
growth_gain[26]	0.857631090125	0.8575685	0.033676991276062	0.0332628723	0.80365755	0.91357985	1.00438860805543	1610.91626627176	3248.5911088783	G496S:L981F:N856K:S371L:T547K:T95I:A67V:V143del:Y145del	0.793002275	0.9273653
