variable	mean	median	sd	mad	q5	q95	rhat	ess_bulk	ess_tail	hap	q2.5	q97.5
growth_rate[231]	1.76319735125	1.76399	0.035345136605081	0.03447045	1.7040755	1.818531	1.00026610959287	3138.74957168703	5152.60417590402	hap_temp_951	1.69035975	1.82925275
growth_rate[228]	1.73628011375	1.740945	0.04443027614622	0.041423844	1.654111	1.8005415	1.00043826273258	4549.96889225023	5628.38775148572	hap_temp_1446	1.63474875	1.810382
growth_rate[39]	1.73513084875	1.73525	0.019216767477548	0.019118127	1.7040085	1.7672205	1.00205641474387	2199.60817105991	4023.72105399605	hap_temp_1449	1.69804975	1.7726305
growth_rate[123]	1.70554428375	1.70434	0.032097163153421	0.031779531	1.6556595	1.760343	1.0012966733485	4045.71371503635	5694.55299954041	hap_temp_1792	1.64700925	1.773381
growth_rate[110]	1.70190564125	1.700395	0.027561227002222	0.027198297	1.659099	1.7493215	1.00158078557893	3765.45400995092	5853.20009245855	hap_temp_1442	1.65216875	1.7603805
growth_rate[44]	1.6512674375	1.65103	0.015206194914543	0.015433866	1.6264995	1.6765815	1.00338277178679	1650.73560294583	3766.44777631382	hap_temp_1441	1.6221095	1.68163
growth_rate[241]	1.6506497	1.64867	0.031140157250072	0.029162742	1.603409	1.7040615	1.00091803848417	4356.14135931477	5666.08207538003	hap_temp_1436	1.59499825	1.717853
growth_rate[210]	1.6470524325	1.646115	0.037001321249446	0.037027935	1.58691	1.7087525	1.00036844507776	4058.23437694646	5919.703809314	hap_temp_1789	1.57610875	1.721223
growth_rate[217]	1.60555014	1.602895	0.032230588997314	0.030593451	1.5574025	1.662371	1.00130879540952	2729.14083422031	4872.82319468844	hap_temp_2560	1.549239	1.673761
growth_rate[146]	1.59446427125	1.592525	0.026061424850286	0.025789827	1.554969	1.63988	1.00130624487351	3371.91695671343	5443.68576177661	hap_temp_1141	1.54874975	1.649921
growth_rate[103]	1.5720670725	1.57204	0.016121965234584	0.016293774	1.546008	1.5988225	1.00250640249734	1874.08475863415	4834.21881924232	hap_temp_1896	1.54184975	1.6043
growth_rate[156]	1.56732510125	1.56669	0.021554486711632	0.021727503	1.5332085	1.6041035	1.00061353716383	2688.07927615884	5121.96795119321	hap_temp_1822	1.527268	1.61153025
growth_rate[98]	1.56566176	1.56529	0.015552136937502	0.015189237	1.5410995	1.592181	1.00144813525232	1767.63024681068	4093.8097521169	hap_temp_1324	1.53609975	1.59777025
growth_rate[193]	1.55950426625	1.559245	0.020647965592208	0.020600727	1.525849	1.5941105	1.00138207804903	2511.52600346525	4912.31445316227	hap_temp_1756	1.52017975	1.60096025
growth_rate[172]	1.52655097375	1.52556	0.019389449572091	0.019244148	1.49613	1.5600905	1.00073843070788	2549.7261961009	3846.28925421982	hap_temp_1776	1.49038825	1.5669005
growth_rate[11]	1.5002166325	1.50013	0.007614427476716	0.007605738	1.4879495	1.5128505	1.00845959188346	510.156664198108	1115.36335742948	hap_temp_1140	1.485349	1.51534075
growth_rate[101]	1.49758684875	1.49732	0.011326643826159	0.011223282	1.4792895	1.516582	1.00463871414772	1054.93758961017	2877.170633712	hap_temp_1523	1.47600875	1.5203
growth_rate[192]	1.49712528625	1.496475	0.015741743976796	0.015500583	1.472449	1.523944	1.00217739122782	1737.64241343798	3725.09496667236	hap_temp_1380	1.46792875	1.52926025
growth_rate[132]	1.49112073125	1.491035	0.012555767871426	0.012490905	1.4706895	1.5117305	1.00338086054184	1238.54485381619	2981.2444531117	hap_temp_1160	1.46712875	1.51597025
growth_rate[141]	1.48499707	1.48488	0.011553909373793	0.011349303	1.466578	1.5043805	1.00204738270718	1239.9714395137	2700.11630666929	hap_temp_810	1.4629095	1.50826025
growth_rate[107]	1.4830273825	1.48295	0.010523371107498	0.0103782	1.465739	1.5004705	1.00323020118471	1005.08192865589	2563.96379998724	hap_temp_800	1.46212975	1.50392025
growth_rate[106]	1.4810600125	1.48099	0.010821031663646	0.010785915	1.46338	1.4989205	1.0037423876928	1039.32308528631	2740.36555307904	hap_temp_1073	1.4604695	1.50258075
growth_rate[95]	1.47591867875	1.476	0.01010826656373	0.010326309	1.4594095	1.492001	1.00395355304975	893.168369477958	2455.81060945786	hap_temp_1129	1.45591	1.49551
growth_rate[53]	1.4707048825	1.470605	0.008928747699321	0.008762166	1.4559595	1.4855705	1.00688467446267	705.075232577192	1824.57466274482	hap_temp_1173	1.45343925	1.48868
growth_rate[152]	1.467712025	1.46759	0.01241907898315	0.012350058	1.4478495	1.4883305	1.00200642924644	1317.99874630524	3186.86389412393	hap_temp_1157	1.44431	1.49262175
growth_rate[219]	1.46183766	1.46186	0.01378312302272	0.013699224	1.4391885	1.48466	1.00201040563784	1624.24065859318	3682.29543091528	hap_temp_1137	1.435118	1.488901
growth_rate[177]	1.46167195875	1.46151	0.013129153099436	0.013135836	1.439849	1.48329	1.00147785578689	1345.69748439054	2993.76812536798	hap_temp_1125	1.43628	1.48758175
growth_rate[186]	1.4578223925	1.45774	0.013045214719556	0.013313748	1.4365495	1.479431	1.00216281051343	1442.84381872635	2987.38171531517	hap_temp_798	1.4327495	1.48353175
growth_rate[99]	1.4548383	1.45486	0.00972015621606	0.00971103	1.4390495	1.4708005	1.00301413216295	866.366508305982	2069.68766703022	hap_temp_1426	1.43593975	1.4741105
growth_rate[139]	1.45468168625	1.45465	0.011229280962641	0.011149152	1.4366995	1.4735905	1.0034188521087	1103.71023526539	2923.99970850778	hap_temp_1472	1.4331195	1.47725175
growth_rate[102]	1.43336455875	1.43328	0.009221922420891	0.00904386	1.41826	1.4487615	1.00519049453	778.826863960101	2184.63758511015	hap_temp_1085	1.41532	1.4516705
growth_rate[145]	1.432177225	1.43223	0.010710471529042	0.010719198	1.4144185	1.4498805	1.00433130863474	1083.93757217126	2647.89310362077	hap_temp_1752	1.41126	1.4529705
growth_rate[69]	1.430748905	1.43077	0.008551846638948	0.008532363	1.416309	1.444691	1.00793575757246	698.634173146141	1770.80984925901	hap_temp_1294	1.41391	1.44728025
growth_rate[200]	1.4269914975	1.42696	0.012619283742462	0.012431601	1.4064795	1.4480205	1.00266144230778	1374.74352920927	3408.22102342624	hap_temp_1065	1.401939	1.45169025
growth_rate[178]	1.42366582125	1.423715	0.012360469061689	0.012364884	1.4034795	1.4441205	1.00401199196246	1331.51395297232	3272.76882677185	hap_temp_2108	1.39943925	1.44803
growth_rate[171]	1.41975574	1.419745	0.011422934826804	0.011364129	1.401659	1.4386605	1.00182281852412	1266.88973497897	2765.89726143985	hap_temp_871	1.397929	1.44249075
growth_rate[137]	1.4190992975	1.41909	0.010401772888138	0.010481982	1.40238	1.43642	1.00432852464578	995.910943855776	2572.70818890002	hap_temp_1496	1.39899925	1.43966175
growth_rate[203]	1.41829828875	1.41825	0.012665038608686	0.01267623	1.3978895	1.4392715	1.0032145248749	1416.98384825619	3826.02248928139	hap_temp_875	1.39368	1.44408
growth_rate[206]	1.4182482075	1.41818	0.012889672101834	0.012698469	1.397369	1.4398115	1.00371327962833	1282.6067384315	3308.36842958159	hap_temp_866	1.3933095	1.4443
growth_rate[233]	1.4175664425	1.41755	0.014924494860381	0.014959434	1.3932095	1.442011	1.00123597247306	1999.39828056451	3687.50151123158	hap_temp_2068	1.38885	1.4471205
growth_rate[215]	1.41170904625	1.41175	0.013015316887693	0.012928272	1.3901785	1.4331	1.00295749832738	1428.92047683615	3311.33599353612	hap_temp_2634	1.3860495	1.437361
growth_rate[220]	1.40905658875	1.40886	0.01378889861053	0.013699224	1.3863	1.4319605	1.00223261299463	1579.27974802031	3857.02759234368	hap_temp_1575	1.38219725	1.43589025
growth_rate[21]	1.40840631625	1.40838	0.007053579975182	0.007101654	1.3967595	1.42008	1.00787930831167	502.234063356421	1239.1568439979	hap_temp_1292	1.3947095	1.42232
growth_rate[174]	1.40756686375	1.40765	0.012075670541581	0.01208319	1.38754	1.4275635	1.00267665468067	1415.02824217331	3017.79199173905	hap_temp_1120	1.383909	1.43107
growth_rate[195]	1.404739325	1.40479	0.012262867750247	0.012127668	1.3843775	1.4248015	1.00331166156312	1212.78946759821	3143.84466640723	hap_temp_2655	1.38070925	1.42874025
growth_rate[111]	1.40447686125	1.40449	0.009387807030977	0.009473814	1.3892995	1.4200305	1.00534732372283	852.241987220755	2089.77115728761	hap_temp_1145	1.38628	1.422981
growth_rate[235]	1.4017055775	1.401715	0.013117210526366	0.013039467	1.37966	1.4232105	1.00369680228622	1703.62159415129	3905.02570595902	hap_temp_1016	1.3757995	1.4275215
growth_rate[187]	1.40059587125	1.40049	0.012367222833603	0.012335232	1.38036	1.4208915	1.00253952975884	1308.52148682082	3566.086320425	hap_temp_1093	1.37637775	1.42501
growth_rate[144]	1.40025407625	1.40023	0.010330109644498	0.010430091	1.38327	1.41723	1.00534617844203	970.087464649481	2431.78968823433	hap_temp_1806	1.37991975	1.42025075
growth_rate[209]	1.3958081525	1.39573	0.012183681261133	0.011971995	1.376039	1.41614	1.00311758560541	1418.55648464276	3353.41427326241	hap_temp_2637	1.37214875	1.42007
growth_rate[27]	1.39414620875	1.39413	0.007262842478949	0.007353696	1.3823995	1.4062105	1.00734525420103	529.589893767465	1288.14789557198	hap_temp_2650	1.38011	1.40837025
growth_rate[133]	1.39316433125	1.39317	0.010195247484082	0.010200288	1.3763595	1.409862	1.00312815249652	1018.41925436681	2235.91982178221	hap_temp_1592	1.37333	1.41318
growth_rate[31]	1.3913457275	1.39122	0.007260216435381	0.007160958	1.3795595	1.4034405	1.00721703795652	533.621945892448	1209.49275642475	hap_temp_1066	1.3772695	1.40585
growth_rate[240]	1.38700130125	1.387115	0.013356420448239	0.013350813	1.3648195	1.40904	1.00185739808086	1814.34599519315	4346.22141722887	hap_temp_766	1.36040825	1.41283025
growth_rate[15]	1.38687162875	1.38683	0.006942147029943	0.006864438	1.37547	1.39827	1.00860065521804	491.92030119562	1187.6286059047	hap_temp_732	1.37339	1.4006505
growth_rate[94]	1.38597988125	1.3861	0.008859859621487	0.008732514	1.3712375	1.4005405	1.00488736727279	771.272186520042	2033.44886364707	hap_temp_1647	1.368579	1.4031305
growth_rate[41]	1.38578641125	1.38571	0.007568102421027	0.00748713	1.3733095	1.398181	1.00665378606024	581.340340814647	1409.00437651394	hap_temp_1200	1.37076975	1.40074025
growth_rate[224]	1.38343035375	1.383465	0.013488485231544	0.013476834	1.3610195	1.40533	1.00273768328184	1472.09995275932	3489.43556907115	hap_temp_1218	1.3568495	1.4090405
growth_rate[105]	1.3833103325	1.3833	0.009019617720692	0.00896973	1.3681495	1.397792	1.00407404074895	849.113238635612	1908.66219560493	hap_temp_1072	1.36493975	1.4009
growth_rate[252]	1.38311826875	1.38261	0.014303075427547	0.014121765	1.3601095	1.4067605	1.00246468996689	1643.56236065887	3467.31683660233	hap_temp_911	1.355649	1.41163025
growth_rate[245]	1.382226625	1.38246	0.016414928838422	0.016345665	1.3550495	1.409462	1.00259637363271	1843.41373747026	2971.52745363945	hap_temp_580	1.3502275	1.41473125
growth_rate[207]	1.38016402875	1.380225	0.013608064018532	0.013662159	1.3580785	1.4027405	1.00175606901483	1816.91566889686	3931.68256110888	hap_temp_1097	1.3536895	1.40694
growth_rate[168]	1.37762177125	1.37778	0.011354506097857	0.011460498	1.3586195	1.396031	1.00365639290725	1193.24799906594	3206.07890368897	hap_temp_1280	1.35508925	1.39955
growth_rate[121]	1.376074395	1.37611	0.009638706721723	0.009518292	1.3600595	1.3921105	1.00349512226805	938.157731513771	2112.78275123518	hap_temp_1284	1.35735	1.39533
growth_rate[80]	1.37560893625	1.37559	0.008425639412286	0.008347038	1.3617095	1.38961	1.00599425435272	746.201335746033	1717.07000167019	hap_temp_1305	1.3590295	1.3919
growth_rate[237]	1.373915105	1.37402	0.013323353352555	0.013373052	1.351987	1.395681	1.00251559755271	1491.11726247049	3641.53529508143	hap_temp_1288	1.34764925	1.3993305
growth_rate[165]	1.37012822875	1.37029	0.011709280796969	0.011504976	1.3506195	1.3893105	1.00326926777396	1245.65653510465	3144.48461243901	hap_temp_2645	1.3463295	1.39274
growth_rate[22]	1.36786127625	1.36788	0.007019654756667	0.00711648	1.3565995	1.37937	1.00858886059696	535.809093095983	1354.90879974077	hap_temp_720	1.35403925	1.38174025
growth_rate[191]	1.364702675	1.365045	0.012273301819868	0.012201798	1.3442295	1.3844405	1.00213833669175	1527.41284001202	4023.16075955605	hap_temp_1100	1.34022875	1.38843025
growth_rate[65]	1.363788345	1.3639	0.008318301605717	0.008176539	1.3500095	1.3774805	1.00497386993936	722.702790318574	1928.03109599322	hap_temp_1114	1.34731	1.37995025
growth_rate[216]	1.36312143375	1.363255	0.013522875646569	0.013528725	1.340879	1.38525	1.00167083890323	1613.82168952417	3941.66834951993	hap_temp_1416	1.33615975	1.38906075
growth_rate[13]	1.36159431625	1.3615	0.006765568170639	0.006775482	1.35054	1.37294	1.0084466603981	500.255055237194	1210.89673059263	hap_temp_765	1.34845	1.37489
growth_rate[92]	1.36148666875	1.36148	0.00885907191582	0.00882147	1.34676	1.376	1.0040010239309	835.930297733037	1922.86206020539	hap_temp_1078	1.3439795	1.378841
growth_rate[54]	1.3597439925	1.35976	0.007725466941543	0.007590912	1.3469795	1.3723	1.00531494569719	678.442036297381	1461.83270564153	hap_temp_769	1.34433	1.37483025
growth_rate[40]	1.35812508375	1.35814	0.007499151320436	0.007501956	1.34568	1.37038	1.00761383346784	593.155727624044	1398.18064078011	hap_temp_754	1.34322	1.37260025
growth_rate[28]	1.3557991675	1.35585	0.007153058719043	0.007123893	1.3439495	1.3676705	1.00661526865803	548.514240793573	1345.92853003008	hap_temp_1369	1.34163975	1.369821
growth_rate[198]	1.35338712	1.35341	0.012421593969986	0.012216624	1.3333395	1.374131	1.00241700054676	1669.29505489986	3546.53707367177	hap_temp_2389	1.32915975	1.37836025
growth_rate[236]	1.35266273625	1.35284	0.014397585574819	0.014240373	1.3286195	1.37617	1.00095543215414	1825.80961445127	3726.97501389346	hap_temp_1188	1.32404975	1.38072075
growth_rate[2]	1.35143016625	1.35134	0.006490824243483	0.006434484	1.3408895	1.36233	1.00903141373505	460.805293125502	1002.25536720233	hap_temp_1063	1.33874975	1.3643405
growth_rate[226]	1.34868255875	1.34892	0.013901455840113	0.01378818	1.32515	1.3708705	1.00358496152319	1356.40742674278	3595.75130347888	hap_temp_1360	1.32061875	1.3752915
growth_rate[47]	1.34159511625	1.34156	0.007784898797842	0.007768824	1.3286695	1.354571	1.00714939642131	654.463866555172	1604.17908075868	hap_temp_1677	1.32637	1.35685
growth_rate[118]	1.340457335	1.34036	0.010225804812252	0.009948246	1.32337	1.3573805	1.00245717165705	1115.06912869968	2615.45178463027	hap_temp_1338	1.31993	1.36076075
growth_rate[160]	1.339890205	1.33994	0.011800900624101	0.0118608	1.3204785	1.3591605	1.00407054401683	1353.94734613653	3013.70059212209	hap_temp_1049	1.31678925	1.362581
growth_rate[175]	1.3397740775	1.340195	0.012885604631713	0.013150662	1.3183395	1.360312	1.00268241710964	1555.50874227201	3016.80898332928	hap_temp_1362	1.31423825	1.36397075
growth_rate[6]	1.339068555	1.339055	0.006557295833883	0.006441897	1.3283285	1.35006	1.00862912403191	478.915822570745	1091.37779587657	hap_temp_1014	1.3264195	1.35217025
growth_rate[180]	1.3376061925	1.337845	0.012643101335486	0.012572448	1.3165595	1.35804	1.00439017244	1383.99424370553	3241.35527502977	hap_temp_1674	1.31232	1.36241075
growth_rate[16]	1.3358188	1.33582	0.006821559458378	0.006760656	1.3245795	1.3470605	1.00818254631504	512.999880442901	1168.23578346767	hap_temp_996	1.32259975	1.349131
growth_rate[197]	1.33037089375	1.330415	0.014129438590867	0.014225547	1.3070985	1.3535005	1.00129108534058	1817.19496108333	3294.58077589966	hap_temp_1109	1.30214	1.357361
growth_rate[35]	1.329109615	1.32914	0.007396198661887	0.007531608	1.317229	1.3414005	1.00653115287074	615.613406997766	1582.01254966338	hap_temp_1091	1.31503	1.34349025
growth_rate[247]	1.3274038525	1.32757	0.016005035249177	0.015515409	1.3006895	1.35366	1.00269994439108	1920.9723124213	4594.66693395568	hap_temp_1025	1.29521975	1.35848
growth_rate[19]	1.32584719625	1.325815	0.006727968069617	0.006619809	1.3147895	1.3370305	1.00772879973417	526.777640567327	1309.70062668206	hap_temp_1041	1.31248975	1.33912025
growth_rate[212]	1.319713565	1.319575	0.014208064758397	0.014106939	1.2961885	1.34263	1.00260358834803	1638.26134555994	3330.69056761524	hap_temp_1224	1.29111925	1.3468225
growth_rate[213]	1.3080127025	1.308075	0.015217632473179	0.015300432	1.2830395	1.333	1.00147450548856	2026.08619126051	4081.36694556484	hap_temp_1031	1.27841825	1.33791
growth_rate[201]	1.3079875775	1.30848	0.015128576326251	0.014885304	1.282719	1.332362	1.00213804822501	1957.41232615484	4278.22209062661	hap_temp_1210	1.27760875	1.33705075
growth_rate[33]	1.29789889125	1.29785	0.007446293799239	0.007427826	1.28567	1.3103605	1.00583448881162	636.893375046237	1704.63608586799	hap_temp_1228	1.2831895	1.3124105
growth_rate[56]	1.2949045675	1.29481	0.008334237787757	0.008243256	1.281389	1.3086115	1.00435092931531	825.64139169823	2041.46300193003	hap_temp_1103	1.278479	1.31144025
growth_rate[199]	1.29192307375	1.291805	0.015329966107176	0.015456105	1.266629	1.31719	1.00083668151786	4121.52539223444	5111.88766029545	hap_temp_989	1.26190925	1.32192
growth_rate[166]	1.2877649125	1.287715	0.012783264548773	0.012742947	1.2668995	1.30866	1.00175704213532	1599.8201344405	3413.24227002845	hap_temp_1254	1.262969	1.31277025
growth_rate[157]	1.2854055575	1.285375	0.011991676040111	0.011727366	1.2655895	1.305371	1.00202034044778	1855.24357563729	3454.56886586099	hap_temp_861	1.261529	1.30948075
growth_rate[126]	1.28322938875	1.28334	0.011245898367522	0.011060196	1.26457	1.30143	1.00332174956258	1335.6839822023	3469.38971021369	hap_temp_1002	1.26103975	1.30508025
growth_rate[82]	1.2821689475	1.28229	0.009109269949734	0.009132816	1.2670095	1.29691	1.00401137022821	1058.04132883155	2659.94636218802	hap_temp_1258	1.26384975	1.299621
growth_rate[246]	1.27919176875	1.278935	0.0153058114271	0.015211476	1.254309	1.304593	1.0016665959695	1842.47573244269	4450.86000142932	hap_temp_855	1.249499	1.30963125
growth_rate[88]	1.2775964025	1.27763	0.009406285728671	0.009577596	1.262079	1.29304	1.00325560971607	1118.49801850381	2472.61379851402	hap_temp_1020	1.259279	1.29598025
growth_rate[183]	1.27168563	1.272045	0.013674271669501	0.013513899	1.24886	1.29354	1.00073467417267	2008.22414286217	4173.95925083498	hap_temp_856	1.24388975	1.2975905
growth_rate[154]	1.2681246625	1.2682	0.012519221353543	0.012483492	1.24753	1.2889105	1.00266543140256	1573.57169328452	3155.65994527756	hap_temp_737	1.243678	1.29248
growth_rate[14]	1.267708285	1.26769	0.006397125146114	0.006315876	1.25722	1.2784	1.0078183422465	515.454500497909	1308.02480762613	hap_temp_1272	1.25528	1.28040025
growth_rate[128]	1.266569025	1.266585	0.010807023800279	0.010726611	1.248719	1.2840805	1.00310932020263	1360.40987797174	3443.0448360103	hap_temp_777	1.2450895	1.28751
growth_rate[161]	1.266283225	1.26635	0.01262736897399	0.012557622	1.2454795	1.28658	1.00151328106668	1973.89690151251	3714.69271667432	hap_temp_1267	1.2407995	1.290781
growth_rate[8]	1.26272429375	1.26271	0.006226558570363	0.006256572	1.25244	1.27308	1.00874894192751	494.495012390804	1194.45735302701	hap_temp_1075	1.2507	1.27507
growth_rate[148]	1.25616783	1.256145	0.011957746563586	0.011897865	1.236459	1.2759805	1.00205567250634	1682.37620705085	4263.82677889844	hap_temp_1047	1.23253875	1.27945075
growth_rate[185]	1.24845790375	1.248735	0.014171308371702	0.014055048	1.225139	1.2716205	1.00105047357975	1785.09594848363	3573.26079024069	hap_temp_726	1.22012975	1.27604025
growth_rate[81]	1.1983465775	1.19826	0.008552001445719	0.008584254	1.1841795	1.2124405	1.00427710417809	996.936420557838	2491.94551299235	hap_temp_300	1.18168875	1.21495025
growth_rate[70]	1.197675075	1.19772	0.008445503298213	0.008391516	1.18376	1.211621	1.00505992768787	946.475127026845	2406.93970025468	hap_temp_335	1.18123975	1.21416025
growth_rate[159]	1.19732319375	1.19732	0.011923359484648	0.012053538	1.1777795	1.2169915	1.00349551221161	1453.41629569206	3120.29384754538	hap_temp_297	1.17456775	1.22063025
growth_rate[10]	1.18016321125	1.18015	0.005584007095472	0.005581989	1.17099	1.1894005	1.00857225927863	463.583338767619	1155.67320016799	hap_temp_308	1.1691695	1.19110075
growth_rate[204]	1.17364416125	1.17362	0.012092216222974	0.012068364	1.153968	1.1938405	1.00305383852628	1609.99026948449	3330.1405592706	hap_temp_347	1.15018975	1.197621
growth_rate[162]	1.15545883375	1.155235	0.010529438612151	0.010370787	1.13846	1.173152	1.00176885387145	1587.75830632252	3635.17631594903	hap_temp_305	1.13507975	1.176581
growth_rate[184]	1.1175745375	1.117515	0.010249926923463	0.010415265	1.100699	1.1346505	1.00245764024544	1565.99113325431	3605.32943065341	hap_temp_352	1.09814925	1.13807025
growth_rate[58]	1.115045375	1.11507	0.006288114376121	0.006271398	1.10468	1.12545	1.00575253321411	673.813151879482	1748.45786175546	hap_temp_139	1.10274925	1.12722075
growth_rate[150]	1.10826183	1.10819	0.009006554587038	0.009014208	1.0937	1.1231905	1.00265220946803	1236.96430746801	3286.97763686118	hap_temp_5	1.09092	1.12615025
growth_rate[104]	1.09798224625	1.09801	0.006920611271731	0.006879264	1.0865495	1.10944	1.00354428287887	821.173989176105	2316.63457473556	hap_temp_434	1.08417	1.1117905
growth_rate[164]	1.09798175375	1.098065	0.009095878476679	0.008962317	1.0831195	1.1130305	1.00359716582639	1184.89578318133	2859.93607597449	hap_temp_433	1.08015875	1.116021
growth_rate[72]	1.0913966825	1.09137	0.006466977541248	0.006404832	1.08075	1.1020305	1.00621869080485	692.575148538159	1993.68138582281	hap_temp_88	1.07858975	1.10415025
growth_rate[169]	1.0873572875	1.087355	0.009378049078455	0.009362619	1.072059	1.10292	1.00272021354143	1419.10070042594	3419.98760839604	hap_temp_501	1.069349	1.10575025
growth_rate[173]	1.084390945	1.08446	0.00958013998161	0.00971103	1.06832	1.0998605	1.00206931848608	1480.92096635351	3299.77056188296	hap_temp_289	1.06580875	1.10242075
growth_rate[37]	1.08316718375	1.083185	0.005523138850697	0.005359599	1.07403	1.09225	1.00601363807388	545.382895887197	1328.66014927961	hap_temp_355	1.07219	1.0940405
growth_rate[57]	1.08076956875	1.080785	0.006088309002904	0.006115725	1.0707285	1.0906905	1.00636537943022	639.281321329154	1678.12769009313	hap_temp_84	1.06880975	1.09251025
growth_rate[182]	1.0801698825	1.08023	0.009494873275274	0.009518292	1.06455	1.09571	1.00280587290499	1386.63561239221	3066.82440136016	hap_temp_353	1.0613295	1.09863025
growth_rate[130]	1.07636441625	1.07628	0.007812738067973	0.007872606	1.0633795	1.089311	1.00464269206348	942.478799586834	2563.17179491473	hap_temp_435	1.06088	1.09155
growth_rate[253]	1.07184316625	1.071985	0.0143949979388	0.014299677	1.047639	1.09526	1.00170290405792	2954.03126274797	4567.08439083014	hap_temp_560	1.04291875	1.09957025
growth_rate[9]	1.071246485	1.07126	0.004919629270971	0.004922232	1.06328	1.0793705	1.00918850468051	434.052645165635	991.351712191058	hap_temp_437	1.06152975	1.0808305
growth_rate[131]	1.069336345	1.06943	0.007811913030054	0.007842954	1.0564595	1.08204	1.00449637956381	1003.88874714443	2942.99770078025	hap_temp_504	1.05369975	1.08427025
growth_rate[62]	1.06404419	1.0641	0.006307478064079	0.006256572	1.05363	1.07438	1.0047389339525	679.688074609357	1793.99118193358	hap_temp_478	1.05153	1.07646025
growth_rate[218]	1.06095739625	1.060735	0.011102911590601	0.011171391	1.0432995	1.079871	1.0021557372065	2225.49992024729	4442.28734968147	hap_temp_394	1.03997975	1.0831505
growth_rate[136]	1.0568928775	1.056835	0.008236018039328	0.008043105	1.04335	1.0704005	1.00363825290312	1109.18551835148	2664.00764861189	hap_temp_512	1.04030975	1.0729005
growth_rate[238]	1.05585128625	1.05589	0.011438721062711	0.011453085	1.0370675	1.0744625	1.0015051417208	1812.61902834451	4287.88226461995	hap_temp_384	1.03325975	1.07819075
growth_rate[76]	1.0543524725	1.05437	0.006397201347846	0.006390006	1.04383	1.06472	1.00541139245125	797.974576903823	2185.28799055504	hap_temp_85	1.04193	1.06667075
growth_rate[205]	1.04972366125	1.04964	0.011129060286278	0.011312238	1.0315985	1.06816	1.00094080624095	1976.70924196311	4125.11605895736	hap_temp_50	1.0281995	1.07154075
growth_rate[24]	1.04933790125	1.049285	0.005238667629996	0.005285469	1.04086	1.057961	1.00757931708526	502.897687622628	1261.04479124917	hap_temp_562	1.0389495	1.0595
growth_rate[17]	1.0408416775	1.04087	0.004929092825308	0.004848102	1.0328	1.0490405	1.008182092093	466.598173393542	1072.45726869212	hap_temp_507	1.03109975	1.0504805
growth_rate[188]	1.04035666875	1.040435	0.01074094706873	0.010608003	1.02229	1.0574915	1.00199909392772	1586.60380631947	3242.16739732563	hap_temp_1704	1.0183595	1.0608
growth_rate[32]	1.039928235	1.03995	0.005320089423939	0.00533736	1.0311195	1.04857	1.00568703819957	557.070688626793	1150.73635588125	hap_temp_386	1.02953975	1.050211
growth_rate[90]	1.0371978125	1.03712	0.007172822226096	0.007375935	1.0254995	1.0491015	1.00337743390718	839.926603878972	2375.16032439419	hap_temp_387	1.02354	1.05118025
growth_rate[51]	1.03241256375	1.03249	0.006044724652679	0.005937813	1.0225095	1.04231	1.00621447669406	694.622345832242	1812.6717446339	hap_temp_493	1.0202895	1.04421025
growth_rate[250]	1.02906104575	1.029005	0.012537180794	0.012653991	1.0084695	1.05008	1.00185352328119	2320.5915680634	3838.99690506761	hap_temp_247	1.00515	1.0535805
growth_rate[225]	1.0226600285	1.02268	0.012773385636746	0.012661404	1.00165	1.0438805	1.00222209669784	2466.16233534723	4381.73462836339	hap_temp_135	0.997901675	1.048181
growth_rate[112]	1.022393008125	1.022365	0.008061533018424	0.008057931	1.00905	1.0354505	1.00205506637877	1163.18262241516	3174.8589260744	hap_temp_2545	1.00625975	1.0381205
growth_rate[68]	1.021386453625	1.021385	0.006680828073474	0.006575331	1.01013	1.0323605	1.00350756469461	854.786653562654	2183.79150939694	hap_temp_101	1.00828	1.03448025
growth_rate[227]	1.020332249125	1.02024	0.011740810271199	0.011697714	1.0010595	1.03975	1.00241257868354	2098.09364445228	4508.21218554794	hap_temp_53	0.99751095	1.0434005
growth_rate[109]	1.02025321575	1.02023	0.007609897644481	0.007590912	1.007729	1.0329705	1.00368039616543	1127.40948578359	2713.71141932708	hap_temp_105	1.00535	1.03541
growth_rate[138]	1.018961411375	1.019055	0.009015864308972	0.009125403	1.0042	1.0337005	1.00349027331053	1583.17701257828	4289.12230719828	hap_temp_1970	1.00141975	1.03657025
growth_rate[60]	1.017796674625	1.0178	0.00641108313617	0.006330702	1.0071	1.028401	1.00377830125908	823.571715604425	2030.59383395494	hap_temp_414	1.00527975	1.03042
growth_rate[77]	1.017252375625	1.01735	0.006849103043746	0.006686526	1.005609	1.0283805	1.00369965704969	935.273755005147	2325.2463538086	hap_temp_174	1.00338	1.03052025
growth_rate[38]	1.0161207455	1.01612	0.005637011248743	0.005544924	1.00677	1.0252805	1.00510826745258	646.467582304017	1708.16586191903	hap_temp_1730	1.00475925	1.02724025
growth_rate[153]	1.015965025	1.01597	0.009878501975479	0.00985929	0.999727	1.031981	1.00296146819488	1635.28397577197	3633.81446720832	hap_temp_1700	0.99664875	1.03503
growth_rate[52]	1.0156316735	1.015665	0.006261458852957	0.006315876	1.00517	1.02569	1.0040573342782	753.065750259334	1927.5006364631	hap_temp_1908	1.00347975	1.0276605
growth_rate[89]	1.015461885625	1.01555	0.007534374754046	0.007383348	1.0028585	1.0277505	1.00323837161911	942.62516490922	2376.25666176292	hap_temp_163	1.00037975	1.03004075
growth_rate[239]	1.015309693	1.01591	0.0148181553935	0.014699979	0.990076	1.0389805	1.00123124082186	2870.00261225269	4805.71974748191	hap_temp_422	0.984258675	1.043162
growth_rate[114]	1.014714678625	1.01486	0.00832545653563	0.008272908	1.00085	1.0280715	1.00217320167344	1246.01274770253	3025.62789688355	hap_temp_99	0.998041625	1.03095
growth_rate[142]	1.0136767415	1.01363	0.00920537080984	0.00919212	0.9986507	1.0290905	1.00173208915343	1616.6562052487	3322.8390313519	hap_temp_226	0.99581695	1.0320215
growth_rate[248]	1.0133749015	1.013155	0.011884144498169	0.011808909	0.99411055	1.0329905	1.0011300629306	3857.782437195	5552.2265746564	hap_temp_115	0.99007185	1.03724
growth_rate[129]	1.012258410125	1.01228	0.008928273721954	0.00904386	0.997636	1.02688	1.00414865266621	1333.31338725854	3224.31632415627	hap_temp_254	0.9951661	1.02963
growth_rate[149]	1.011523800125	1.01156	0.009544836560442	0.009681378	0.99552695	1.026962	1.00278916664498	1322.76774884118	3205.8562392715	hap_temp_2513	0.992827475	1.0302
growth_rate[87]	1.0112407235	1.01124	0.00752113558024	0.007501956	0.9988016	1.02372	1.00346805450583	1069.67446903061	2563.90495078336	hap_temp_1941	0.9964244	1.02606
growth_rate[230]	1.010285178	1.01025	0.011607196492365	0.011549454	0.9910372	1.0291405	1.00089910498575	2843.66111689521	4321.32987752346	hap_temp_486	0.9868692	1.0325405
growth_rate[83]	1.009775024875	1.01005	0.007481983540878	0.007539021	0.9974058	1.0220305	1.00282024561387	990.060065529446	3062.07820960159	hap_temp_110	0.995149625	1.02403025
growth_rate[50]	1.009642552625	1.0097	0.006214195407235	0.006256572	0.999379	1.01988	1.00534864998123	745.159163732398	2034.8915469306	hap_temp_249	0.997415825	1.0218305
growth_rate[202]	1.008245456625	1.00808	0.010330858164338	0.01022994	0.9914044	1.0254105	1.00221997036306	2210.07541184252	5059.51313716311	hap_temp_253	0.988464825	1.0289715
growth_rate[115]	1.007745789125	1.00785	0.008492447543954	0.008347038	0.99380945	1.02169	1.00421954317065	1335.0192778868	3426.44339581736	hap_temp_117	0.99081855	1.02430075
growth_rate[127]	1.0073295315	1.00749	0.008182131674698	0.008176539	0.9937078	1.0203905	1.00122194989016	1700.74093474001	3678.86161047222	hap_temp_2628	0.9907785	1.02305025
growth_rate[5]	1.007175493	1.007225	0.00455433681722	0.004484865	0.9996689	1.0147505	1.00877715224782	429.502047526898	957.509104262347	hap_temp_29	0.99807795	1.01601025
growth_rate[254]	1.0064344425	1.00637	0.012913558336572	0.0128534007	0.98538865	1.02749	1.0022628829509	2375.79771683167	3879.78370734211	hap_temp_81	0.9811776	1.031911
growth_rate[108]	1.004870220125	1.004865	0.008147280156326	0.0081150111	0.99153715	1.018041	1.00244943858849	1276.98425624455	2743.17937746522	hap_temp_119	0.988391	1.020561
growth_rate[4]	1.004655905875	1.00459	0.004546964105927	0.004514517	0.99716995	1.01216	1.00842369455788	424.629646724506	979.066837938866	hap_temp_59	0.995749775	1.01361
growth_rate[18]	1.00424364425	1.00419	0.004915540749658	0.00489258	0.99623075	1.012471	1.00759184763508	514.209308857116	1241.34722705329	hap_temp_14	0.9945988	1.0138805
growth_rate[151]	1.0034973575	1.00365	0.010606545546206	0.0103655979	0.9858106	1.0206315	1.00294486294511	1701.53323379127	3347.77636688333	hap_temp_1972	0.981826975	1.02380025
growth_rate[125]	1.003297392	1.003625	0.008914333732006	0.0088985652	0.9880501	1.0174305	1.00279591010496	1525.67898742244	3589.29166766593	hap_temp_86	0.9849634	1.01978
growth_rate[134]	1.0032686735	1.00337	0.009492717352686	0.009384858	0.9875398	1.0184705	1.0011957548811	1565.28358778124	3629.78156747462	hap_temp_610	0.984437425	1.02135025
growth_rate[43]	1.00134865975	1.001275	0.006050114958979	0.0059422608	0.99155195	1.0114205	1.00613723185638	698.695299507761	1596.7923079709	hap_temp_2515	0.9893127	1.0134605
growth_rate[48]	0.999896185	0.9999335	0.006133255858551	0.0060667992	0.98982475	1.01001	1.00520076159064	795.702003190093	1915.55283551756	hap_temp_127	0.987880975	1.01193
growth_rate[29]	0.99802480975	0.9979775	0.005434552132942	0.0053736837	0.98913785	1.0070105	1.00652916662709	587.289368823559	1358.14225483006	hap_temp_123	0.98715995	1.00863025
growth_rate[25]	0.99759828975	0.9975935	0.005395169783929	0.0054233508	0.9887599	1.00657	1.00649916803118	590.448646090417	1424.14218262314	hap_temp_1703	0.9870988	1.0082
growth_rate[96]	0.996359004375	0.99645	0.00822308855095	0.008258082	0.98250805	1.0095005	1.00311559056811	1120.93817561769	2876.77824074176	hap_temp_245	0.9799325	1.01217025
growth_rate[158]	0.99588647875	0.995989	0.010395482186028	0.0104478822	0.9786709	1.0128105	1.00084278653078	2200.50998248889	4360.25907164367	hap_temp_160	0.97518975	1.01574025
growth_rate[221]	0.9948870645	0.9945025	0.013725906654017	0.0136236114	0.9731607	1.0178415	1.00109308785686	2703.13655328139	4354.87667479003	hap_temp_181	0.96901135	1.0230815
growth_rate[91]	0.99439845	0.994339	0.007817956349596	0.0079333926	0.98172095	1.0070505	1.00292265902345	1192.86872097139	3027.39933773206	hap_temp_2570	0.979232525	1.00946
growth_rate[244]	0.9935098585	0.993409	0.012774939116887	0.0127029168	0.9733286	1.014832	1.00107260081858	3288.88792095594	4996.63772556232	hap_temp_707	0.9692757	1.01926025
growth_rate[97]	0.991084732	0.9910575	0.008313745809552	0.0083144208	0.9775126	1.004701	1.00474712335068	1136.70751010185	2822.37412169511	hap_temp_598	0.97499695	1.00734
growth_rate[71]	0.990469392125	0.9904605	0.007462188623721	0.0075471753	0.97820615	1.0025215	1.0028579824083	1013.35686630907	2500.62673537368	hap_temp_111	0.9760868	1.004971
growth_rate[120]	0.988761910375	0.988773	0.009708219398135	0.0094797444	0.9723618	1.004283	1.00147402110911	1436.61128958428	3379.38360986029	hap_temp_109	0.9689293	1.00718075
growth_rate[85]	0.98843497	0.9885955	0.008202855388821	0.0081298371	0.97476895	1.0017605	1.00224005091272	1052.03528460244	2425.38197060298	hap_temp_238	0.971919575	1.00425025
growth_rate[249]	0.98778822825	0.9881915	0.013260091340766	0.0128459877	0.96569765	1.0088015	1.00094090975111	2670.23099414802	5058.18108079453	hap_temp_125	0.960281875	1.01274025
growth_rate[67]	0.986760320875	0.9867405	0.007229526715991	0.0072706704	0.9749809	0.99859405	1.00332711778304	950.949777678403	2296.67711975567	hap_temp_169	0.972368825	1.00073025
growth_rate[64]	0.98632673575	0.986393	0.007368495300385	0.0074137413	0.97411565	0.99812855	1.00344684923862	990.086185775406	2519.42858066476	hap_temp_2086	0.971733875	1.00036025
growth_rate[232]	0.986117298375	0.985362	0.015032593492965	0.0151677393	0.96244335	1.0119805	1.00101657810467	2845.27721087617	4221.7317628334	hap_temp_182	0.9587463	1.01697025
growth_rate[42]	0.985053369375	0.985109	0.006109456222906	0.0061023816	0.97492845	0.99515805	1.00402207397369	802.62990294873	1933.473183451	hap_temp_102	0.9731879	0.996971025
growth_rate[12]	0.981368622	0.981394	0.004775039703462	0.0047902806	0.97364655	0.9891684	1.0082170348327	493.683007002557	1275.43798387947	hap_temp_256	0.97202985	0.990564525
growth_rate[229]	0.974744851875	0.9744965	0.014586671161574	0.0148067262	0.9513381	0.99914005	1.00184273118796	2219.507270347	4146.68580393383	hap_temp_2002	0.94704495	1.0039805
growth_rate[251]	0.97446368275	0.974524	0.013484174945908	0.0131736423	0.9518465	0.99627405	1.00035155689166	3418.8722223983	5129.6514713342	hap_temp_68	0.94770565	1.0002315
growth_rate[119]	0.97442133925	0.9744705	0.010426601742006	0.0105138579	0.9568834	0.99138155	1.00079034554633	1890.30815504129	4245.22443682597	hap_temp_133	0.95347025	0.994450425
growth_rate[1]	0.97282543625	0.972826	0.004305913262661	0.0042661815	0.9657459	0.9799682	1.00957368445936	407.776344749621	899.194442323875	hap_temp_83	0.96432175	0.981254225
growth_rate[179]	0.97267376875	0.972956	0.010424753744686	0.0104849472	0.95544175	0.98934635	1.00074203204217	4014.40903820585	5048.61668200217	hap_temp_112	0.95143345	0.992506325
growth_rate[143]	0.96957395475	0.9696455	0.011428080345666	0.0116732511	0.9506047	0.988366	1.00237965644456	1538.15827216059	3826.24679356192	hap_temp_1931	0.947161925	0.991762525
growth_rate[170]	0.968363509375	0.9683885	0.013087473555395	0.0129972129	0.9468437	0.98955915	1.00176861002115	1698.31192688079	3269.00001814106	hap_temp_640	0.942049525	0.993738775
growth_rate[75]	0.9629469885	0.962968	0.008264692880708	0.0081491109	0.94939295	0.97667245	1.00386741538357	1298.88336442381	2991.63841349844	hap_temp_206	0.946578575	0.97918125
growth_rate[49]	0.96220390675	0.962299	0.006884951226732	0.0068911248	0.9508359	0.97344905	1.00442592740316	952.107535948023	2509.02642945084	hap_temp_636	0.9487219	0.97527865
growth_rate[63]	0.961362087125	0.9613655	0.008159201558703	0.0081735738	0.9479829	0.97465685	1.00295696457876	1255.42925295978	3593.13653155115	hap_temp_2047	0.945326925	0.977159025
growth_rate[196]	0.959954613125	0.9603785	0.015081562351049	0.0146095404	0.93395485	0.98410975	1.00112288469904	2318.76238242231	4808.14836490886	hap_temp_400	0.928614425	0.98846735
growth_rate[23]	0.959890125625	0.959924	0.005729335159708	0.0057465576	0.95049675	0.96927005	1.00506371860613	737.833749363103	2009.62993443348	hap_temp_2003	0.9488167	0.97103675
growth_rate[30]	0.95944673575	0.9594355	0.005886560183526	0.0058236528	0.9499286	0.96924305	1.00488573654291	761.832351597529	2093.60142352853	hap_temp_154	0.948065925	0.97097445
growth_rate[93]	0.958592852625	0.958694	0.009491429577984	0.0095509092	0.9427509	0.97377285	1.00123075104427	1375.2943740619	3371.28755516727	hap_temp_91	0.939567375	0.9765643
growth_rate[86]	0.957756031375	0.957831	0.009345303220103	0.0091898961	0.94222595	0.9730693	1.00412897691874	1395.17067168383	3362.10043138984	hap_temp_405	0.9389269	0.9758176
growth_rate[100]	0.957741259125	0.957738	0.00978973890788	0.0099623307	0.94157255	0.9737013	1.00256125991003	1496.50848550276	4025.58602816099	hap_temp_627	0.93842165	0.976768025
growth_rate[20]	0.954104136375	0.9541475	0.005173599212456	0.0050882832	0.94549965	0.96251315	1.00707191065852	591.825223691008	1587.50673270191	hap_temp_183	0.943805975	0.9642741
growth_rate[74]	0.951987263125	0.9519155	0.008850513858307	0.0087925593	0.93739695	0.9665495	1.00239688653707	1472.35423001649	3744.6857067995	hap_temp_1990	0.934361575	0.969191725
growth_rate[55]	0.95183946825	0.951699	0.007828474682304	0.0078896559	0.9392618	0.96474205	1.00348252856033	1252.41450144815	2762.05855890572	hap_temp_103	0.936511825	0.967467725
growth_rate[46]	0.950400364625	0.950416	0.007204339706559	0.0071098083	0.93850985	0.96210705	1.00332132331882	971.653764930485	2869.41649460303	hap_temp_544	0.936342575	0.964751675
growth_rate[59]	0.94980080975	0.949876	0.008242380020152	0.0082751319	0.93588535	0.96316525	1.00198420789077	1337.57306695561	3313.96453986865	hap_temp_197	0.933176925	0.9653707
growth_rate[84]	0.9488082895	0.948835	0.009049752045399	0.0090475665	0.9336748	0.96363735	1.00078761800801	1681.07786229198	3527.98411853288	hap_temp_1924	0.930671775	0.9663994
growth_rate[163]	0.94739356925	0.947636	0.015633023762782	0.0154034727	0.92085795	0.9722701	1.00054540566099	4423.05230550355	5088.7407448251	hap_temp_2303	0.916146975	0.97689315
growth_rate[135]	0.946855625125	0.9469345	0.012412426969584	0.0124353075	0.9260643	0.9668996	1.00146051184044	2719.04070266728	4925.77031328896	hap_temp_2028	0.922273225	0.970626375
growth_rate[61]	0.939661229375	0.939719	0.008812333878977	0.0089986407	0.92491495	0.9539281	1.00218669558652	1522.46990662609	4499.9018710407	hap_temp_2601	0.92215895	0.956544025
growth_rate[79]	0.934405301125	0.9343455	0.009600682810353	0.0095360832	0.91871915	0.9500255	1.00186843032481	1946.88781104087	3847.09766023696	hap_temp_118	0.915221175	0.95307335
growth_rate[34]	0.930955932	0.9309235	0.006677154653118	0.0066590979	0.9199327	0.94215505	1.00341672689581	1030.9359270718	2761.56257601832	hap_temp_231	0.917717475	0.9441467
growth_rate[122]	0.912409150375	0.912455	0.013695167732531	0.0134390277	0.88958555	0.93483705	1.00087125836791	2968.376111513	5543.98323382537	hap_temp_1846	0.884570125	0.939048225
growth_rate[243]	0.911753596875	0.9118645	0.01830596437423	0.0184131507	0.88149255	0.94146975	1.00052729605989	3770.81630201389	5465.75722019873	hap_temp_2442	0.8756663	0.946965925
growth_rate[36]	0.90718532025	0.9071585	0.006976005168322	0.0069867525	0.895622	0.91853435	1.00418183984776	1033.9399679863	2375.91694179654	hap_temp_2235	0.8935697	0.920610775
growth_rate[189]	0.90389058925	0.903963	0.01770005303213	0.0178786734	0.87473785	0.932848	1.00230336820389	4575.01113949059	5535.37757308504	hap_temp_2343	0.8690675	0.938113025
growth_rate[147]	0.895867431125	0.8957065	0.012794874517653	0.012609513	0.8749798	0.9176223	1.00103613069774	4960.49834414724	6054.76682764916	hap_temp_2216	0.8709549	0.921023275
growth_rate[181]	0.891134291625	0.8920625	0.020446105314085	0.0199921197	0.8567258	0.9230911	1.00070625448162	3902.26928508686	5066.4359389577	hap_temp_1851	0.848605	0.928824575
growth_rate[117]	0.8876445945	0.887747	0.011954468918827	0.0119260344	0.8679923	0.90744385	1.00104346284267	3648.60404226429	5135.46484713407	hap_temp_2180	0.864231725	0.9110651
growth_rate[155]	0.873074404	0.8729415	0.013851868853412	0.0137563041	0.85027285	0.89556585	1.00080794679903	2895.02197659751	4884.98887215089	hap_temp_2218	0.845566675	0.90008265
growth_rate[194]	0.868067303625	0.867936	0.016271031914483	0.0162589329	0.8415581	0.89497575	1.00137783584602	3171.51112349459	5756.06429896488	hap_temp_2439	0.8362624	0.900303275
growth_rate[113]	0.862542934625	0.8626785	0.012819708220245	0.0127340514	0.841038	0.8832283	1.00072753522066	2848.31108948973	4856.31173633247	hap_temp_2226	0.836749375	0.88759815
growth_rate[208]	0.849674737875	0.8498335	0.019476031275762	0.0196288827	0.8174569	0.88135465	1.00085005653401	5427.71992416651	6275.19695056368	hap_temp_2342	0.810969225	0.886710675
growth_rate[176]	0.849554300875	0.850222	0.024790045070944	0.0246052296	0.8075734	0.8904379	1.00077445058295	9353.66106864828	5260.16949488915	hap_temp_145	0.799305875	0.897611375
growth_rate[214]	0.845444753	0.845502	0.019788081389965	0.0193938906	0.81269425	0.87774465	1.0009917498725	4601.96201953314	5269.11835033219	hap_temp_2480	0.806468925	0.88428945
growth_rate[234]	0.84034553525	0.840779	0.016906578911982	0.0164108994	0.8121104	0.86719925	1.00166572870738	2506.58932087382	5637.88834441189	hap_temp_2300	0.80579165	0.87231205
growth_rate[116]	0.83818038375	0.838266	0.013707955484104	0.0137251695	0.81545595	0.8603806	1.00098822197115	2949.78419012308	5529.77388312639	hap_temp_2506	0.81078805	0.864780125
growth_rate[140]	0.834994133875	0.8350365	0.012708967654035	0.0124634769	0.8140713	0.8561108	1.0002276195364	6041.21969589072	5857.89280304124	hap_temp_2288	0.809940425	0.859797725
growth_rate[211]	0.833242330375	0.8327305	0.016191619206222	0.0156584799	0.80772075	0.86002065	1.00171546017209	2294.15786535668	5366.81034381763	hap_temp_2308	0.8029635	0.86691715
growth_rate[167]	0.831739430875	0.831903	0.013752096568059	0.0134086344	0.80918335	0.8543841	1.00083364359328	5997.57577716472	6199.98596909834	hap_temp_2196	0.80450455	0.858345175
growth_rate[190]	0.83137789825	0.830819	0.017836489370628	0.0176525769	0.80291355	0.8613395	1.00202159231636	2366.51679076878	4467.31348521992	hap_temp_2593	0.7978807	0.86829995
growth_rate[66]	0.828281911	0.828348	0.012214662342482	0.0120446424	0.80806955	0.8484173	1.00153447305054	3008.84496400199	5108.32157950504	hap_temp_2494	0.803770625	0.85192105
growth_rate[78]	0.818108891	0.818011	0.0105227809781	0.0106220877	0.80093545	0.83530535	1.00126109968738	2043.38430347095	4151.10033564811	hap_temp_2335	0.79796495	0.838848175
growth_rate[45]	0.815009525375	0.8150535	0.00961774779505	0.0096228153	0.79896025	0.8306577	1.00155822344227	2636.49260706217	4617.89749490124	hap_temp_2466	0.795973625	0.83372585
growth_rate[124]	0.813873923375	0.814059	0.011756477225443	0.0114857022	0.79434955	0.8328017	1.00024329963754	2720.29519873574	4571.72949868046	hap_temp_2197	0.790214975	0.8365179
growth_rate[3]	0.80933943975	0.8093505	0.003895688507888	0.0038110233	0.80289595	0.81577205	1.00890117838654	479.816632682816	1097.4451164253	hap_temp_2292	0.80160095	0.817107
growth_rate[242]	0.801514123875	0.8014715	0.014143117318177	0.0132559266	0.77812675	0.82436595	1.00094426471563	3623.28007892846	5787.20572185795	hap_temp_2258	0.77359185	0.829903175
growth_rate[222]	0.77795986625	0.7780925	0.015261670550962	0.01497426	0.7529268	0.80251925	1.00038530929178	3160.45883381376	5020.75916598774	hap_temp_2332	0.747645325	0.80732995
growth_rate[26]	0.774246643125	0.774323	0.007884468782915	0.0080490354	0.7611679	0.78687315	1.00192682475472	1630.85527664729	3624.55584778736	hap_temp_2454	0.75871895	0.7894644
growth_rate[7]	0.7704903795	0.7704235	0.005185574848225	0.0051631545	0.7620196	0.7791091	1.00368143005016	959.767361689534	2553.55488650999	hap_temp_2272	0.76025795	0.780717175
growth_rate[223]	0.75873885975	0.757719	0.021080925577385	0.0207319371	0.7257442	0.7945312	1.00173679059593	3396.47760363101	5775.15954622764	hap_temp_2409	0.720151525	0.8032957
growth_rate[73]	0.74418490475	0.7441505	0.014721526440727	0.0146992377	0.7195783	0.7682179	0.999940764266418	4800.55511652525	6398.540418764	hap_temp_2359	0.71500385	0.77343245
